WAV File name: sine1.wav
Sine wave frequency: 500 Hz
Amplitude range: 0-8192 //amplitude for 13-bit audio
Number of Channels: 1
Sample Width (bytes): 2
Frame Rate (Sample Rate, Hz): 22050
ByteRate: 44100
Number of Frames: 7679
Compression Type: NONE
Compression Name: not compressed

data:
------------------------------------------------------
4096
4677
5247
5794
6306
6773
7186
7537
7817
8022
8148
8191
8152
8030
7829
7551
7204
6794
6329
5819
5273
4704
4123
3541
2970
2422
1908
1439
1023
669
385
177
47
0
35
153
351
625
969
1377
1839
2347
2891
3459
4040
4623
5194
5743
6259
6731
7150
7506
7794
8006
8140
8191
8159
8045
7851
7581
7240
6835
6375
5868
5326
4759
4178
3596
3023
2473
1955
1481
1060
700
409
193
56
1
28
139
329
596
934
1336
1793
2298
2839
3405
3985
4568
5141
5693
6212
6689
7113
7476
7770
7990
8131
8190
8166
8059
7873
7609
7275
6876
6420
5918
5378
4813
4233
3650
3077
2523
2002
1523
1097
731
433
210
65
2
22
125
308
568
899
1295
1748
2249
2787
3351
3931
4513
5088
5642
6165
6646
7075
7444
7745
7972
8121
8188
8172
8073
7893
7637
7309
6916
6465
5967
5431
4867
4288
3705
3130
2574
2050
1567
1135
763
458
228
75
5
17
112
287
540
865
1255
1703
2200
2735
3297
3876
4459
5034
5591
6117
6603
7037
7412
7720
7954
8110
8185
8177
8086
7914
7664
7343
6955
6510
6016
5482
4921
4343
3760
3183
2626
2098
1610
1173
795
484
246
86
8
12
99
267
513
831
1216
1659
2151
2683
3243
3821
4404
4981
5540
6069
6559
6999
7380
7694
7935
8099
8181
8181
8098
7933
7691
7376
6995
6554
6064
5534
4975
4398
3815
3237
2677
2146
1654
1212
828
510
265
98
12
8
88
248
487
799
1177
1615
2103
2631
3189
3766
4349
4927
5488
6021
6515
6960
7347
7667
7916
8087
8177
8184
8109
7952
7717
7409
7033
6598
6112
5585
5028
4453
3870
3291
2729
2194
1698
1251
861
537
285
110
16
5
77
230
461
766
1139
1571
2055
2580
3136
3711
4294
4873
5436
5972
6470
6920
7313
7640
7896
8074
8172
8187
8120
7970
7743
7441
7071
6641
6160
5637
5082
4507
3924
3345
2781
2243
1743
1291
895
565
306
123
22
3
66
212
436
734
1101
1528
2007
2529
3082
3656
4239
4819
5384
5923
6425
6880
7278
7612
7875
8061
8166
8189
8130
7988
7767
7472
7109
6684
6207
5687
5135
4562
3979
3399
2833
2292
1788
1331
930
593
327
137
28
1
57
195
412
703
1064
1486
1960
2478
3029
3602
4184
4765
5332
5874
6380
6839
7244
7584
7853
8047
8160
8191
8139
8005
7791
7503
7146
6727
6254
5738
5188
4617
4034
3453
2885
2342
1834
1372
965
622
349
152
35
0
48
178
388
673
1027
1443
1914
2428
2976
3547
4129
4710
5279
5824
6334
6798
7208
7555
7831
8032
8153
8191
8147
8021
7815
7533
7182
6769
6301
5788
5241
4671
4089
3508
2938
2392
1880
1413
1001
651
371
167
42
0
40
163
365
643
991
1402
1867
2378
2923
3493
4074
4656
5226
5774
6288
6757
7172
7525
7808
8016
8145
8191
8155
8036
7837
7563
7218
6810
6347
5838
5294
4726
4145
3562
2991
2442
1927
1455
1037
681
395
183
50
0
33
148
343
614
955
1360
1821
2328
2871
3438
4019
4601
5173
5724
6241
6715
7135
7494
7785
8000
8136
8191
8162
8051
7859
7592
7253
6851
6393
5888
5347
4780
4200
3617
3044
2493
1974
1497
1074
712
418
199
59
1
26
133
321
585
920
1320
1776
2279
2818
3384
3964
4547
5120
5673
6194
6672
7098
7463
7760
7983
8127
8189
8168
8065
7881
7620
7288
6891
6438
5937
5399
4834
4254
3672
3097
2543
2021
1540
1112
743
443
217
69
3
20
120
300
557
886
1280
1731
2229
2766
3330
3909
4492
5067
5622
6146
6629
7061
7432
7735
7965
8117
8187
8174
8078
7901
7648
7322
6931
6483
5986
5451
4888
4309
3726
3151
2594
2068
1583
1149
775
468
235
80
6
15
107
279
529
852
1240
1686
2181
2714
3276
3854
4437
5013
5571
6099
6586
7022
7400
7710
7947
8106
8184
8178
8090
7921
7675
7356
6971
6527
6035
5503
4942
4364
3781
3204
2646
2116
1627
1188
808
494
254
91
9
11
95
260
503
819
1201
1642
2132
2663
3222
3799
4382
4960
5520
6050
6542
6984
7367
7684
7928
8094
8180
8182
8102
7941
7701
7389
7010
6571
6083
5554
4996
4419
3836
3258
2697
2165
1671
1227
841
521
273
103
13
7
83
241
477
786
1162
1598
2084
2611
3168
3744
4327
4906
5468
6002
6497
6944
7333
7657
7908
8082
8175
8186
8113
7959
7727
7421
7048
6615
6131
5605
5049
4474
3891
3312
2749
2213
1716
1267
875
548
293
115
18
4
73
223
451
754
1124
1554
2036
2560
3115
3690
4273
4852
5416
5953
6453
6905
7299
7629
7888
8069
8170
8188
8124
7977
7752
7453
7086
6658
6178
5656
5103
4529
3946
3366
2801
2262
1761
1307
909
576
314
129
24
2
63
205
426
722
1086
1511
1989
2509
3062
3635
4218
4798
5364
5904
6408
6864
7265
7601
7866
8055
8164
8190
8133
7994
7777
7484
7123
6701
6226
5707
5156
4583
4001
3420
2854
2312
1806
1347
944
604
335
143
30
0
53
188
402
691
1049
1469
1942
2459
3008
3580
4163
4743
5311
5854
6362
6823
7230
7572
7845
8041
8157
8191
8142
8011
7801
7515
7160
6743
6272
5758
5209
4638
4056
3475
2906
2361
1852
1388
979
633
357
158
37
0
45
172
379
661
1013
1427
1895
2408
2955
3526
4108
4689
5259
5805
6316
6782
7194
7543
7822
8026
8150
8191
8150
8027
7824
7545
7196
6785
6319
5808
5262
4693
4111
3529
2959
2411
1898
1430
1015
663
380
173
45
0
37
157
356
631
977
1386
1849
2358
2903
3471
4053
4635
5206
5754
6269
6740
7158
7513
7799
8010
8142
8191
8158
8042
7846
7574
7232
6826
6365
5858
5315
4747
4166
3584
3012
2462
1945
1472
1052
693
404
189
54
0
30
142
334
602
941
1345
1803
2309
2850
3417
3997
4580
5153
5704
6223
6698
7121
7482
7775
7993
8133
8190
8164
8056
7868
7603
7267
6867
6410
5907
5367
4801
4221
3638
3065
2512
1992
1514
1089
724
428
206
63
2
24
128
313
574
907
1304
1758
2259
2798
3363
3943
4525
5099
5653
6175
6655
7084
7451
7751
7976
8123
8188
8170
8070
7889
7631
7302
6907
6456
5956
5419
4855
4276
3693
3118
2563
2039
1557
1126
756
453
224
73
4
18
115
292
546
872
1264
1713
2210
2746
3309
3888
4471
5046
5602
6128
6612
7046
7419
7726
7958
8113
8185
8176
8083
7909
7659
7336
6947
6500
6005
5471
4909
4331
3748
3172
2614
2087
1600
1164
788
478
242
84
7
13
102
272
519
839
1225
1668
2162
2694
3255
3833
4416
4992
5551
6080
6569
7007
7387
7700
7940
8101
8182
8180
8095
7929
7685
7369
6986
6545
6054
5523
4963
4386
3803
3225
2666
2135
1644
1203
821
504
261
95
11
9
90
252
492
806
1186
1624
2113
2642
3201
3778
4361
4939
5499
6032
6525
6968
7354
7673
7920
8090
8178
8184
8107
7948
7712
7402
7025
6588
6102
5574
5017
4441
3858
3279
2718
2184
1689
1242
854
531
281
108
15
6
79
234
467
773
1147
1581
2065
2591
3147
3723
4306
4885
5448
5983
6480
6929
7320
7646
7900
8077
8173
8187
8117
7966
7737
7434
7063
6632
6149
5625
5070
4495
3912
3333
2769
2233
1733
1282
888
559
301
120
20
3
69
216
441
741
1109
1538
2018
2540
3094
3668
4251
4831
5395
5934
6435
6889
7286
7618
7879
8064
8168
8189
8127
7984
7762
7465
7101
6675
6197
5676
5124
4550
3967
3387
2822
2282
1779
1322
922
587
322
134
26
1
59
198
417
710
1072
1495
1971
2489
3041
3614
4196
4777
5343
5885
6390
6848
7251
7590
7858
8050
8161
8191
8137
8001
7786
7496
7138
6717
6244
5727
5177
4605
4022
3442
2874
2331
1824
1363
957
615
344
148
33
0
50
182
393
679
1035
1453
1924
2439
2988
3559
4141
4722
5291
5835
6344
6807
7216
7561
7836
8035
8154
8191
8145
8017
7810
7527
7174
6759
6291
5777
5230
4659
4077
3496
2927
2381
1870
1404
993
645
366
164
40
0
42
166
370
649
999
1411
1877
2389
2935
3504
4086
4668
5238
5785
6298
6766
7180
7531
7813
8020
8147
8191
8153
8033
7832
7556
7210
6801
6337
5827
5283
4714
4132
3550
2979
2431
1916
1446
1029
675
389
179
49
0
34
151
347
620
963
1369
1831
2339
2882
3450
4031
4613
5185
5735
6251
6724
7143
7501
7790
8004
8138
8191
8160
8048
7855
7586
7246
6842
6383
5877
5335
4768
4187
3605
3033
2482
1963
1488
1066
705
413
196
57
1
27
136
325
591
928
1329
1786
2289
2830
3396
3976
4559
5132
5684
6204
6682
7106
7470
7766
7987
8129
8189
8167
8062
7876
7614
7281
6883
6428
5926
5387
4822
4242
3660
3086
2532
2010
1531
1103
736
438
213
67
3
21
123
304
563
893
1288
1740
2240
2778
3342
3921
4504
5079
5633
6157
6639
7069
7439
7741
7969
8119
8187
8172
8075
7897
7642
7315
6923
6473
5975
5439
4876
4297
3714
3139
2583
2058
1574
1141
768
463
231
77
5
16
110
284
535
859
1249
1696
2191
2726
3288
3866
4449
5025
5582
6109
6595
7031
7407
7716
7951
8108
8184
8177
8088
7917
7669
7349
6962
6518
6024
5491
4930
4352
3769
3193
2634
2106
1618
1180
801
488
249
88
8
11
97
264
509
826
1209
1651
2143
2674
3234
3811
4394
4971
5531
6061
6551
6992
7374
7689
7932
8097
8181
8182
8100
7937
7696
7382
7001
6562
6072
5543
4984
4407
3824
3246
2686
2154
1662
1218
834
515
269
100
12
8
86
245
482
793
1170
1607
2095
2622
3180
3756
4339
4918
5479
6013
6507
6953
7341
7663
7912
8085
8176
8185
8111
7955
7722
7414
7040
6606
6120
5594
5038
4462
3879
3300
2738
2203
1706
1258
867
542
289
113
17
5
75
227
457
761
1132
1564
2047
2571
3127
3702
4285
4864
5427
5964
6463
6913
7307
7635
7892
8072
8171
8188
8121
7973
7747
7446
7078
6649
6168
5645
5091
4517
3934
3354
2790
2252
1751
1298
901
570
309
126
23
2
65
209
432
729
1094
1521
1999
2520
3073
3647
4230
4810
5375
5915
6417
6873
7272
7607
7871
8058
8165
8190
8131
7991
7771
7478
7115
6692
6215
5696
5144
4572
3989
3409
2842
2301
1796
1338
936
598
331
140
29
1
55
192
408
698
1057
1478
1952
2470
3020
3592
4175
4755
5323
5865
6372
6832
7237
7579
7850
8044
8159
8191
8140
8007
7795
7508
7152
6734
6262
5747
5198
4626
4044
3463
2895
2351
1842
1379
971
627
353
154
36
0
47
176
384
668
1021
1436
1906
2419
2967
3538
4120
4701
5270
5815
6326
6791
7202
7550
7827
8029
8151
8191
8149
8023
7819
7538
7188
6776
6309
5797
5250
4681
4099
3517
2947
2401
1888
1421
1007
656
375
170
43
0
39
160
361
638
985
1395
1859
2369
2914
3483
4065
4646
5217
5765
6280
6750
7166
7520
7804
8013
8143
8191
8156
8039
7841
7568
7224
6817
6355
5847
5303
4735
4154
3572
3000
2451
1935
1462
1044
687
399
186
52
0
31
145
339
609
949
1353
1813
2319
2862
3429
4010
4592
5164
5715
6233
6707
7129
7489
7780
7997
8135
8190
8163
8053
7863
7597
7259
6858
6400
5896
5356
4789
4209
3626
3053
2501
1982
1505
1081
717
423
202
61
1
25
131
317
580
914
1313
1768
2270
2809
3375
3955
4537
5111
5664
6186
6665
7092
7458
7756
7980
8125
8189
8169
8067
7884
7625
7294
6898
6446
5946
5408
4843
4264
3681
3107
2552
2029
1548
1118
749
447
220
71
4
19
117
296
552
880
1273
1723
2221
2757
3321
3900
4483
5058
5613
6138
6622
7054
7426
7731
7962
8115
8186
8174
8080
7905
7653
7328
6938
6491
5994
5460
4897
4319
3736
3160
2603
2077
1591
1156
781
473
238
81
6
14
105
276
525
846
1233
1678
2172
2705
3267
3845
4428
5004
5562
6090
6578
7016
7394
7705
7944
8104
8183
8179
8092
7925
7680
7362
6978
6535
6043
5512
4951
4374
3791
3214
2655
2125
1635
1195
813
499
257
93
10
10
93
256
498
813
1194
1634
2124
2654
3213
3790
4373
4950
5511
6042
6534
6977
7361
7679
7924
8092
8179
8183
8104
7944
7706
7395
7016
6579
6091
5563
5005
4429
3846
3267
2706
2173
1679
1234
847
525
276
105
14
6
81
238
472
780
1155
1590
2076
2602
3159
3735
4318
4897
5459
5994
6490
6937
7328
7652
7905
8080
8174
8186
8115
7962
7732
7427
7055
6622
6139
5614
5059
4483
3900
3321
2758
2222
1724
1273
880
553
297
118
19
4
71
220
447
748
1117
1547
2028
2551
3106
3680
4263
4843
5407
5945
6445
6898
7293
7625
7884
8067
8169
8189
8125
7980
7757
7459
7092
6666
6187
5665
5112
4538
3955
3376
2810
2271
1769
1314
915
581
318
131
25
1
61
202
422
717
1080
1504
1981
2500
3052
3625
4208
4788
5355
5895
6400
6857
7259
7596
7863
8053
8163
8190
8135
7997
7781
7490
7130
6708
6234
5716
5165
4593
4010
3430
2863
2320
1814
1354
950
609
339
145
32
0
52
185
398
686
1043
1462
1934
2450
2999
3571
4153
4734
5302
5846
6354
6816
7224
7567
7841
8038
8156
8191
8144
8014
7805
7520
7166
6750
6280
5766
5218
4647
4065
3484
2915
2370
1860
1395
985
638
361
160
39
0
43
169
375
656
1007
1420
1887
2400
2946
3516
4098
4680
5250
5796
6308
6775
7188
7538
7818
8023
8148
8191
8152
8029
7828
7550
7202
6792
6327
5816
5271
4702
4120
3539
2968
2420
1906
1437
1021
668
384
176
47
0
36
154
352
626
971
1378
1841
2350
2894
3462
4043
4625
5197
5746
6261
6733
7151
7508
7795
8007
8140
8191
8159
8044
7850
7579
7238
6833
6373
5866
5324
4756
4175
3593
3021
2470
1953
1479
1058
699
408
192
55
1
29
139
330
597
935
1338
1796
2300
2841
3408
3988
4571
5144
5695
6215
6691
7115
7477
7771
7990
8131
8190
8165
8059
7872
7608
7273
6874
6418
5916
5376
4810
4230
3648
3074
2521
2000
1522
1095
730
432
209
65
2
23
125
309
569
901
1297
1750
2251
2789
3353
3933
4516
5090
5644
6167
6648
7077
7446
7746
7973
8121
8188
8171
8072
7893
7636
7307
6914
6463
5965
5428
4865
4285
3702
3127
2572
2048
1565
1133
761
457
227
75
5
17
112
288
541
867
1257
1705
2202
2737
3299
3878
4461
5037
5593
6120
6605
7039
7414
7721
7955
8111
8185
8176
8085
7913
7663
7341
6954
6508
6013
5480
4919
4340
3757
3181
2623
2095
1608
1171
793
483
245
86
8
12
100
268
514
833
1218
1661
2153
2685
3246
3823
4406
4983
5542
6072
6561
7001
7381
7695
7936
8099
8181
8181
8097
7932
7690
7375
6993
6552
6062
5532
4972
4395
3812
3235
2675
2144
1652
1210
826
509
264
97
12
8
88
249
488
800
1179
1617
2105
2634
3192
3768
4351
4929
5490
6023
6517
6962
7348
7669
7917
8088
8177
8184
8108
7951
7716
7407
7031
6596
6110
5583
5026
4450
3867
3289
2726
2192
1696
1249
860
536
284
110
16
5
77
230
462
768
1141
1573
2057
2582
3138
3713
4297
4875
5439
5975
6472
6922
7314
7641
7897
8075
8172
8187
8119
7970
7741
7439
7069
6639
6158
5634
5080
4505
3922
3343
2778
2241
1741
1289
894
563
305
123
21
3
67
213
437
736
1103
1530
2010
2531
3085
3659
4242
4821
5386
5925
6427
6882
7280
7614
7876
8061
8167
8189
8129
7987
7766
7471
7107
6682
6205
5685
5133
4560
3977
3397
2831
2290
1786
1329
928
592
326
137
27
1
57
195
413
705
1065
1487
1962
2481
3032
3604
4187
4767
5334
5876
6382
6841
7245
7585
7854
8047
8160
8191
8138
8004
7790
7502
7144
6725
6252
5736
5186
4614
4032
3451
2883
2340
1832
1370
964
620
348
151
34
0
48
179
389
674
1029
1445
1916
2430
2979
3550
4132
4713
5282
5826
6336
6800
7210
7556
7832
8032
8153
8191
8147
8020
7814
7532
7181
6767
6299
5786
5239
4669
4087
3505
2936
2390
1878
1411
999
650
370
166
42
0
40
163
366
644
992
1404
1869
2380
2926
3495
4077
4658
5229
5776
6290
6759
7174
7526
7809
8017
8145
8191
8155
8035
7836
7562
7216
6808
6345
5836
5292
4723
4142
3560
2989
2440
1925
1453
1036
680
393
182
50
0
33
148
344
615
957
1362
1823
2330
2873
3441
4022
4604
5176
5726
6243
6717
7137
7496
7786
8001
8137
8191
8162
8050
7858
7591
7252
6849
6391
5885
5344
4777
4197
3614
3042
2490
1971
1496
1072
711
417
199
59
1
26
134
322
586
922
1322
1778
2281
2821
3386
3967
4549
5123
5675
6196
6674
7100
7465
7761
7984
8127
8189
8168
8064
7880
7619
7287
6890
6436
5935
5396
4832
4252
3669
3095
2541
2019
1538
1110
742
442
216
69
3
20
120
301
558
887
1281
1733
2232
2769
3332
3912
4495
5069
5625
6149
6631
7062
7433
7737
7966
8117
8187
8173
8077
7901
7647
7321
6930
6481
5984
5448
4886
4307
3724
3148
2592
2066
1581
1148
774
467
234
79
6
15
107
280
531
853
1242
1688
2183
2717
3278
3857
4440
5016
5573
6101
6588
7024
7401
7711
7948
8106
8184
8178
8090
7921
7674
7354
6969
6525
6032
5500
4940
4362
3779
3202
2643
2114
1625
1186
806
493
253
90
9
11
95
261
504
820
1202
1644
2134
2665
3225
3802
4385
4962
5522
6053
6544
6985
7368
7685
7929
8095
8180
8182
8102
7940
7700
7387
7008
6569
6081
5552
4993
4417
3834
3256
2695
2162
1669
1225
839
519
272
102
13
7
84
242
478
787
1164
1600
2086
2614
3171
3747
4330
4908
5470
6004
6500
6946
7335
7658
7909
8083
8175
8186
8113
7959
7726
7420
7046
6613
6129
5603
5047
4472
3888
3310
2747
2211
1714
1265
873
547
292
115
18
4
73
223
452
755
1126
1556
2039
2562
3117
3692
4275
4854
5418
5955
6455
6906
7301
7631
7889
8070
8170
8188
8123
7976
7751
7452
7084
6656
6176
5654
5100
4526
3943
3364
2799
2260
1759
1305
907
574
313
128
24
2
63
206
428
724
1088
1513
1991
2512
3064
3637
4220
4800
5366
5906
6410
6866
7266
7603
7867
8056
8164
8190
8133
7994
7776
7483
7122
6699
6223
5705
5154
4581
3998
3418
2851
2310
1804
1345
942
603
334
142
30
0
54
189
403
693
1051
1471
1944
2461
3011
3583
4165
4746
5314
5857
6364
6825
7231
7574
7846
8042
8158
8191
8142
8010
7799
7514
7158
6741
6270
5755
5207
4636
4053
3472
2904
2359
1850
1386
977
632
356
157
37
0
45
173
380
662
1014
1429
1898
2411
2958
3528
4110
4692
5261
5807
6318
6784
7196
7544
7823
8027
8150
8191
8150
8026
7823
7544
7195
6783
6317
5805
5260
4690
4108
3527
2956
2409
1896
1428
1013
662
379
172
45
0
37
157
357
633
978
1387
1851
2361
2905
3474
4055
4637
5208
5757
6272
6742
7159
7514
7800
8011
8142
8191
8157
8041
7845
7573
7230
6824
6363
5855
5312
4744
4163
3581
3009
2459
1943
1470
1050
692
403
188
53
0
30
143
335
604
943
1346
1805
2311
2853
3419
4000
4583
5155
5706
6225
6700
7123
7484
7776
7994
8133
8190
8164
8056
7867
7602
7265
6865
6408
5905
5365
4799
4218
3636
3062
2510
1990
1512
1087
723
427
205
63
2
24
128
313
575
908
1306
1760
2262
2800
3365
3945
4528
5102
5656
6178
6657
7085
7453
7752
7977
8123
8188
8170
8069
7888
7630
7300
6905
6453
5954
5417
4853
4273
3691
3116
2561
2037
1555
1125
754
452
223
73
4
18
115
293
547
874
1266
1715
2213
2748
3311
3890
4473
5048
5605
6130
6614
7047
7421
7727
7959
8113
8186
8175
8082
7908
7657
7334
6945
6498
6003
5469
4907
4328
3745
3169
2612
2085
1598
1163
786
477
241
83
7
13
103
273
520
840
1226
1671
2164
2696
3257
3835
4418
4995
5553
6082
6571
7009
7388
7701
7940
8102
8182
8180
8095
7928
7684
7367
6984
6543
6051
5520
4961
4383
3800
3223
2663
2133
1642
1201
819
503
260
95
11
9
91
253
494
807
1187
1626
2116
2645
3204
3780
4363
4941
5502
6034
6527
6970
7355
7674
7921
8090
8178
8184
8106
7947
7710
7400
7023
6586
6099
5572
5014
4438
3855
3277
2715
2181
1687
1241
852
530
280
107
15
6
79
234
468
775
1149
1583
2068
2594
3150
3725
4309
4887
5450
5985
6482
6931
7322
7647
7901
8078
8173
8187
8117
7966
7736
7432
7061
6630
6147
5623
5068
4493
3910
3331
2767
2230
1731
1280
886
557
300
120
20
3
69
216
443
743
1111
1540
2020
2542
3096
3671
4254
4833
5398
5936
6437
6891
7288
7620
7880
8064
8168
8189
8127
7983
7761
7464
7099
6673
6195
5674
5121
4548
3965
3385
2819
2279
1776
1320
921
585
321
133
26
1
59
199
418
711
1073
1497
1973
2492
3043
3616
4199
4779
5346
5887
6392
6850
7253
7591
7859
8050
8162
8191
8136
8000
7785
7495
7136
6715
6242
5725
5174
4602
4020
3439
2872
2329
1822
1361
956
614
343
148
33
0
50
183
394
681
1037
1454
1926
2441
2990
3561
4144
4725
5293
5837
6346
6809
7217
7562
7837
8036
8155
8191
8145
8017
7809
7525
7173
6757
6288
5775
5227
4657
4075
3493
2924
2379
1868
1402
991
643
365
163
40
0
42
167
371
651
1000
1413
1879
2391
2937
3507
4089
4670
5240
5787
6300
6768
7182
7533
7814
8020
8147
8191
8153
8032
7831
7555
7209
6799
6335
5825
5280
4711
4130
3548
2977
2429
1914
1444
1028
673
388
179
48
0
34
151
348
621
965
1371
1833
2341
2885
3453
4034
4616
5187
5737
6253
6726
7145
7503
7791
8004
8139
8191
8160
8047
7854
7584
7244
6840
6381
5875
5333
4766
4185
3603
3030
2479
1961
1486
1064
704
412
195
57
1
28
137
326
592
929
1330
1788
2292
2832
3398
3979
4561
5134
5686
6206
6683
7108
7472
7767
7988
8129
8189
8166
8061
7875
7613
7279
6881
6426
5924
5385
4820
4240
3657
3083
2530
2008
1529
1102
735
436
212
67
3
22
123
305
564
895
1290
1742
2242
2780
3344
3924
4506
5081
5636
6159
6641
7071
7440
7742
7970
8119
8187
8172
8074
7896
7641
7313
6921
6471
5973
5437
4874
4295
3712
3137
2581
2056
1572
1139
767
462
230
77
5
16
110
285
537
861
1250
1698
2194
2728
3290
3869
4452
5028
5585
6111
6597
7032
7408
7717
7952
8109
8184
8177
8087
7916
7668
7347
6960
6516
6022
5489
4928
4350
3767
3190
2632
2104
1616
1178
799
487
249
88
8
12
98
265
510
827
1211
1653
2145
2676
3236
3814
4397
4974
5533
6063
6553
6994
7376
7691
7933
8097
8181
8181
8099
7936
7694
7380
6999
6560
6070
5541
4982
4405
3822
3244
2684
2152
1660
1217
832
514
268
99
12
8
86
246
483
794
1172
1609
2097
2625
3183
3759
4342
4920
5482
6015
6509
6955
7342
7664
7913
8085
8176
8185
8110
7955
7720
7413
7038
6604
6118
5592
5035
4460
3876
3298
2735
2201
1704
1256
866
541
288
112
17
5
75
227
458
762
1134
1566
2049
2574
3129
3704
4287
4866
5430
5966
6465
6915
7308
7637
7893
8073
8171
8188
8121
7973
7746
7445
7076
6647
6166
5643
5089
4514
3931
3352
2787
2249
1749
1296
900
568
308
125
22
2
65
210
433
730
1096
1523
2001
2523
3076
3649
4232
4812
5377
5917
6420
6875
7274
7609
7872
8059
8166
8190
8131
7990
7770
7476
7113
6690
6213
5694
5142
4569
3986
3406
2840
2299
1794
1336
934
597
330
139
29
1
56
193
409
699
1059
1480
1954
2472
3022
3595
4177
4758
5325
5868
6374
6834
7239
7580
7851
8045
8159
8191
8140
8007
7794
7507
7150
6732
6260
5744
5195
4624
4041
3460
2892
2348
1840
1377
970
625
352
154
35
0
47
176
385
669
1022
1438
1908
2422
2969
3540
4122
4703
5273
5818
6328
6793
7203
7551
7828
8030
8152
8191
8148
8023
7818
7537
7187
6774
6307
5794
5248
4678
4096
3515
2945
2398
1886
1419
1005
655
374
169
43
0
39
161
362
639
986
1396
1861
2372
2917
3486
4067
4649
5220
5768
6282
6751
7167
7521
7805
8014
8144
8191
8156
8038
7840
7567
7223
6815
6353
5844
5301
4733
4151
3569
2998
2448
1933
1461
1042
685
398
185
52
0
32
146
340
610
951
1355
1815
2322
2864
3431
4012
4594
5167
5717
6235
6709
7131
7491
7782
7998
8135
8190
8163
8053
7862
7595
7258
6856
6398
5894
5353
4787
4206
3624
3051
2499
1979
1503
1079
716
422
202
61
1
25
131
318
581
916
1315
1770
2272
2812
3377
3957
4540
5114
5667
6188
6667
7094
7459
7757
7981
8126
8189
8169
8066
7883
7624
7292
6896
6444
5943
5405
4841
4261
3679
3104
2550
2027
1546
1116
747
446
219
70
3
19
118
297
553
881
1275
1725
2223
2760
3323
3902
4485
5060
5616
6140
6624
7056
7428
7732
7963
8115
8186
8174
8079
7904
7651
7327
6936
6489
5992
5457
4895
4316
3733
3158
2601
2074
1589
1154
779
471
237
81
6
14
105
277
526
848
1235
1680
2174
2708
3269
3847
4430
5007
5564
6093
6580
7017
7395
7707
7945
8104
8183
8179
8092
7924
7678
7360
6976
6533
6041
5509
4949
4371
3788
3211
2652
2122
1633
1193
812
497
256
92
10
10
93
257
499
814
1196
1636
2126
2656
3215
3792
4375
4953
5513
6044
6536
6979
7363
7680
7925
8093
8179
8183
8104
7943
7705
7393
7015
6577
6089
5561
5003
4426
3843
3265
2704
2171
1677
1232
845
524
275
104
14
6
82
239
473
782
1157
1592
2078
2605
3162
3737
4321
4899
5461
5996
6492
6939
7329
7653
7906
8080
8175
8186
8115
7962
7730
7425
7053
6620
6137
5612
5056
4481
3898
3319
2756
2220
1722
1272
879
551
296
117
19
4
71
220
448
750
1119
1549
2030
2554
3108
3683
4266
4845
5409
5947
6447
6899
7295
7626
7885
8067
8169
8189
8125
7979
7755
7457
7091
6664
6184
5663
5110
4536
3953
3373
2808
2269
1767
1312
913
579
317
130
25
2
61
203
423
718
1082
1506
1983
2503
3055
3628
4211
4791
5357
5898
6402
6859
7260
7598
7864
8054
8163
8190
8134
7997
7780
7488
7128
6706
6232
5714
5163
4590
4008
3427
2860
2318
1812
1352
948
608
338
145
31
0
52
186
399
687
1045
1464
1936
2452
3002
3573
4156
4737
5305
5848
6356
6818
7225
7569
7842
8039
8156
8191
8143
8013
7803
7519
7165
6748
6278
5764
5216
4645
4063
3482
2913
2368
1858
1393
984
637
360
159
38
0
44
170
376
657
1008
1422
1890
2402
2949
3519
4101
4682
5252
5798
6310
6777
7189
7539
7819
8024
8149
8191
8151
8029
7827
7549
7201
6790
6325
5814
5269
4699
4118
3536
2965
2418
1904
1435
1020
667
383
175
46
0
36
155
353
628
972
1380
1843
2352
2896
3464
4046
4628
5199
5748
6264
6735
7153
7509
7796
8008
8140
8191
8159
8044
7849
7578
7236
6831
6371
5864
5321
4754
4173
3591
3018
2468
1951
1477
1056
697
407
191
55
1
29
140
331
599
937
1339
1798
2302
2844
3410
3991
4573
5146
5698
6217
6693
7116
7478
7772
7991
8131
8190
8165
8058
7871
7607
7271
6872
6416
5913
5374
4808
4228
3645
3072
2519
1998
1520
1093
728
431
208
64
2
23
126
310
570
902
1299
1752
2253
2791
3356
3936
4518
5093
5647
6169
6650
7079
7447
7748
7974
8122
8188
8171
8072
7892
7635
7306
6912
6461
5962
5426
4862
4283
3700
3125
2570
2045
1563
1131
760
456
226
74
4
17
113
289
543
868
1259
1707
2204
2739
3302
3881
4464
5039
5596
6122
6607
7041
7415
7722
7956
8111
8185
8176
8084
7912
7662
7340
6952
6506
6011
5478
4916
4338
3755
3179
2621
2093
1606
1169
792
482
244
85
8
13
100
269
516
835
1220
1663
2156
2687
3248
3826
4409
4986
5544
6074
6563
7002
7383
7696
7937
8100
8182
8181
8097
7932
7689
7373
6991
6550
6060
5529
4970
4393
3810
3232
2672
2141
1650
1208
825
508
263
97
11
9
89
250
489
802
1181
1619
2107
2636
3194
3771
4354
4932
5493
6025
6519
6963
7350
7670
7918
8088
8177
8184
8108
7950
7715
7406
7030
6594
6108
5581
5024
4448
3864
3286
2724
2190
1694
1247
858
535
283
109
16
5
78
231
463
769
1142
1575
2059
2585
3141
3716
4299
4878
5441
5977
6474
6924
7316
7643
7898
8075
8173
8187
8119
7969
7740
7438
7068
6637
6155
5632
5077
4502
3919
3340
2776
2239
1739
1287
892
562
304
122
21
3
67
213
438
737
1104
1532
2012
2534
3087
3661
4244
4824
5389
5928
6429
6884
7282
7615
7877
8062
8167
8189
8129
7986
7765
7469
7105
6680
6203
5683
5130
4557
3974
3394
2828
2288
1784
1327
927
590
325
136
27
1
58
196
414
706
1067
1489
1965
2483
3034
3607
4189
4770
5337
5878
6384
6843
7247
7586
7855
8048
8161
8191
8138
8003
7789
7500
7142
6723
6250
5733
5184
4612
4029
3448
2881
2337
1830
1368
962
619
347
150
34
0
49
180
390
676
1030
1447
1918
2433
2981
3552
4134
4715
5284
5829
6338
6802
7211
7557
7833
8033
8153
8191
8146
8019
7813
7531
7179
6765
6296
5784
5236
4666
4084
3503
2933
2387
1876
1410
998
648
369
165
41
0
41
164
367
646
994
1406
1871
2382
2928
3498
4079
4661
5231
5779
6292
6761
7175
7528
7810
8018
8146
8191
8154
8035
7835
7560
7215
6806
6343
5834
5289
4721
4139
3557
2986
2437
1922
1451
1034
679
392
181
50
0
33
149
345
616
958
1364
1825
2333
2876
3443
4024
4606
5178
5728
6245
6719
7139
7497
7787
8001
8137
8191
8161
8049
7857
7589
7250
6847
6388
5883
5342
4775
4194
3612
3039
2488
1969
1494
1071
709
416
198
59
1
27
135
323
588
923
1324
1780
2283
2823
3389
3969
4552
5125
5678
6198
6676
7102
7466
7763
7985
8128
8189
8168
8063
7879
7618
7285
6888
6434
5933
5394
4829
4249
3667
3092
2539
2016
1536
1108
740
441
215
68
3
21
121
302
559
889
1283
1735
2234
2771
3335
3914
4497
5072
5627
6151
6633
7064
7435
7738
7967
8118
8187
8173
8077
7900
7645
7319
6928
6479
5982
5446
4883
4304
3721
3146
2590
2064
1579
1146
772
466
233
79
6
15
108
281
532
855
1244
1690
2185
2719
3281
3859
4442
5018
5576
6103
6590
7026
7403
7712
7949
8107
8184
8178
8089
7920
7672
7353
6967
6523
6030
5498
4937
4359
3776
3199
2641
2112
1623
1184
805
492
252
90
9
11
96
262
505
822
1204
1646
2137
2667
3227
3804
4387
4965
5524
6055
6546
6987
7370
7686
7930
8095
8180
8182
8101
7939
7699
7386
7006
6567
6078
5549
4991
4414
3831
3253
2693
2160
1667
1223
838
518
271
102
13
7
84
243
479
789
1166
1602
2088
2616
3173
3749
4333
4911
5473
6006
6502
6948
7336
7659
7910
8083
8176
8185
8112
7958
7725
7418
7045
6611
6126
5601
5044
4469
3886
3307
2744
2209
1712
1263
871
545
291
114
18
4
73
224
454
757
1127
1558
2041
2565
3120
3695
4278
4857
5421
5958
6457
6908
7303
7632
7890
8070
8170
8188
8123
7976
7750
7450
7082
6654
6174
5652
5098
4524
3941
3361
2796
2258
1757
1303
906
573
312
127
23
2
63
207
429
725
1090
1515
1993
2514
3066
3640
4223
4803
5368
5908
6412
6868
7268
7604
7868
8057
8165
8190
8132
7993
7774
7481
7120
6697
6221
5702
5151
4578
3996
3415
2849
2307
1802
1343
940
601
333
141
30
0
54
190
404
694
1053
1473
1946
2463
3013
3585
4168
4748
5316
5859
6366
6827
7233
7575
7847
8042
8158
8191
8141
8009
7798
7512
7157
6739
6268
5753
5204
4633
4051
3470
2901
2357
1848
1384
976
630
355
156
37
0
46
173
381
664
1016
1431
1900
2413
2960
3531
4113
4694
5263
5809
6320
6786
7197
7546
7824
8027
8150
8191
8150
8025
7822
7542
7193
6781
6315
5803
5257
4688
4106
3524
2954
2407
1894
1426
1012
660
378
172
45
0
38
158
358
634
980
1389
1853
2363
2908
3476
4058
4640
5211
5759
6274
6744
7161
7516
7801
8011
8142
8191
8157
8041
7844
7572
7229
6822
6361
5853
5310
4742
4161
3579
3007
2457
1941
1468
1048
690
402
188
53
0
31
143
336
605
945
1348
1808
2313
2855
3422
4003
4585
5158
5709
6227
6702
7124
7485
7777
7995
8133
8190
8164
8055
7866
7600
7264
6863
6406
5902
5362
4796
4216
3633
3060
2508
1988
1510
1085
721
426
205
62
2
24
129
314
576
910
1308
1762
2264
2803
3368
3948
4530
5104
5658
6180
6659
7087
7454
7753
7978
8124
8188
8170
8069
7887
7629
7298
6903
6451
5952
5414
4850
4271
3688
3113
2559
2035
1553
1123
753
450
222
72
4
18
116
294
549
876
1268
1717
2215
2751
3314
3893
4476
5051
5607
6132
6616
7049
7422
7728
7960
8114
8186
8175
8082
7908
7656
7332
6943
6496
6001
5466
4904
4326
3743
3167
2610
2083
1596
1161
785
476
240
83
7
14
103
274
521
842
1228
1673
2166
2699
3260
3838
4421
4997
5556
6084
6573
7011
7390
7702
7941
8103
8182
8180
8094
7927
7683
7366
6982
6541
6049
5518
4958
4381
3798
3220
2661
2131
1640
1200
818
502
259
94
10
9
91
254
495
809
1189
1628
2118
2647
3206
3783
4366
4944
5504
6036
6529
6972
7357
7676
7922
8091
8178
8183
8106
7946
7709
7399
7021
6584
6097
5570
5012
4436
3853
3274
2713
2179
1685
1239
851
529
279
106
15
6
80
235
469
776
1151
1585
2070
2596
3152
3728
4311
4890
5452
5987
6484
6932
7323
7649
7902
8078
8174
8187
8116
7965
7735
7431
7059
6628
6145
5621
5065
4490
3907
3328
2765
2228
1729
1278
885
556
299
119
20
3
69
217
444
744
1113
1541
2022
2545
3099
3673
4256
4836
5400
5938
6439
6893
7289
7621
7881
8065
8168
8189
8127
7982
7760
7463
7097
6671
6193
5672
5119
4545
3962
3382
2817
2277
1774
1319
919
584
320
133
26
1
60
200
419
713
1075
1499
1975
2494
3046
3619
4201
4782
5348
5889
6394
6852
7254
7593
7860
8051
8162
8190
8136
7999
7784
7494
7134
6713
6240
5722
5172
4600
4017
3437
2869
2327
1820
1359
954
613
342
147
32
0
51
183
395
682
1038
1456
1928
2444
2993
3564
4146
4727
5296
5840
6348
6811
7219
7564
7838
8036
8155
8191
8145
8016
7807
7524
7171
6756
6286
5773
5225
4654
4072
3491
2922
2376
1866
1400
990
642
364
162
40
0
42
167
372
652
1002
1415
1882
2393
2940
3509
4091
4673
5243
5790
6302
6770
7183
7534
7815
8021
8147
8191
8153
8031
7830
7554
7207
6797
6333
5823
5278
4709
4127
3545
2975
2426
1912
1442
1026
672
387
178
48
0
35
152
349
623
966
1373
1835
2343
2887
3455
4036
4618
5190
5739
6255
6728
7147
7504
7792
8005
8139
8191
8160
8046
7853
7583
7242
6838
6378
5872
5330
4763
4182
3600
3028
2477
1959
1484
1063
702
411
194
57
1
28
138
327
594
931
1332
1790
2294
2835
3401
3981
4564
5137
5689
6209
6685
7110
7473
7768
7988
8130
8189
8166
8060
7874
7611
7277
6879
6424
5922
5383
4817
4237
3655
3081
2528
2006
1527
1100
734
435
211
66
2
22
124
306
566
896
1292
1745
2245
2782
3347
3926
4509
5084
5638
6161
6643
7072
7442
7743
7971
8120
8187
8172
8074
7895
7639
7312
6919
6469
5971
5435
4871
4292
3709
3134
2579
2054
1570
1138
765
460
229
76
5
16
111
286
538
862
1252
1700
2196
2730
3293
3871
4454
5030
5587
6114
6599
7034
7410
7718
7953
8109
8185
8177
8087
7915
7667
7346
6959
6514
6020
5487
4925
4347
3764
3188
2630
2101
1614
1176
798
486
248
87
8
12
98
266
511
829
1213
1655
2147
2679
3239
3816
4399
4976
5536
6065
6556
6996
7377
7692
7934
8098
8181
8181
8099
7935
7693
7379
6998
6558
6068
5538
4979
4402
3819
3241
2681
2150
1658
1215
830
512
267
99
12
8
87
247
485
796
1174
1611
2099
2627
3185
3761
4344
4923
5484
6017
6511
6957
7344
7665
7914
8086
8177
8185
8110
7954
7719
7411
7036
6602
6116
5590
5033
4457
3874
3295
2733
2198
1702
1254
864
539
287
111
17
5
76
228
459
764
1136
1568
2051
2576
3131
3707
4290
4869
5432
5968
6467
6917
7310
7638
7894
8073
8172
8188
8120
7972
7745
7443
7074
6645
6164
5641
5086
4512
3929
3349
2785
2247
1747
1294
898
567
307
124
22
2
66
210
434
732
1098
1525
2004
2525
3078
3652
4235
4815
5380
5919
6422
6877
7276
7610
7873
8060
8166
8190
8130
7989
7769
7475
7112
6688
6211
5691
5140
4566
3984
3404
2837
2296
1792
1334
933
595
329
138
28
1
56
193
410
701
1061
1482
1957
2474
3025
3597
4180
4760
5328
5870
6376
6836
7241
7581
7852
8045
8159
8191
8139
8006
7793
7506
7149
6730
6258
5742
5193
4621
4039
3458
2890
2346
1838
1375
968
624
351
153
35
0
47
177
386
670
1024
1440
1910
2424
2972
3543
4125
4706
5275
5820
6330
6795
7205
7552
7829
8031
8152
8191
8148
8022
7817
7536
7185
6772
6304
5792
5246
4676
4094
3512
2942
2396
1884
1417
1004
654
373
168
43
0
39
161
363
640
988
1398
1863
2374
2919
3488
4070
4652
5222
5770
6284
6753
7169
7522
7806
8015
8144
8191
8155
8037
7839
7565
7221
6813
6351
5842
5298
4730
4149
3567
2995
2446
1930
1459
1040
684
396
184
51
0
32
146
341
611
952
1357
1818
2324
2866
3434
4015
4597
5169
5720
6237
6711
7132
7492
7783
7999
8135
8190
8162
8052
7861
7594
7256
6854
6396
5892
5351
4784
4204
3621
3048
2497
1977
1501
1077
714
420
201
60
1
25
132
319
583
917
1317
1772
2275
2814
3380
3960
4542
5116
5669
6190
6669
7095
7461
7758
7982
8126
8189
8169
8066
7882
7622
7291
6895
6442
5941
5403
4838
4259
3676
3102
2547
2025
1544
1115
746
445
218
70
3
20
119
298
555
883
1276
1727
2226
2762
3325
3905
4488
5063
5618
6143
6626
7057
7429
7733
7964
8116
8186
8174
8079
7903
7650
7325
6935
6486
5990
5455
4893
4314
3731
3155
2599
2072
1587
1153
778
470
236
80
6
15
106
278
527
849
1237
1682
2177
2710
3272
3850
4433
5009
5567
6095
6582
7019
7397
7708
7945
8105
8183
8179
8091
7923
7677
7359
6974
6531
6039
5507
4946
4369
3786
3209
2650
2120
1631
1191
810
496
255
92
10
10
94
258
501
816
1198
1638
2128
2658
3218
3795
4378
4955
5515
6047
6538
6980
7364
7682
7926
8093
8179
8183
8103
7942
7703
7392
7013
6575
6087
5558
5000
4424
3841
3263
2701
2169
1675
1230
844
523
275
104
14
7
82
239
475
783
1159
1594
2080
2607
3164
3740
4323
4902
5464
5998
6494
6941
7331
7655
7906
8081
8175
8186
8114
7961
7729
7424
7051
6618
6135
5610
5054
4478
3895
3316
2753
2217
1719
1270
877
550
295
116
19
4
72
221
449
751
1121
1551
2033
2556
3111
3685
4268
4848
5412
5949
6449
6901
7297
7627
7886
8068
8169
8188
8124
7979
7754
7456
7089
6662
6182
5661
5107
4533
3950
3371
2805
2266
1764
1310
912
578
316
130
24
2
62
204
424
720
1083
1508
1985
2505
3057
3630
4213
4793
5359
5900
6404
6861
7262
7599
7865
8054
8163
8190
8134
7996
7779
7487
7126
6704
6229
5711
5160
4588
4005
3425
2858
2316
1810
1350
946
606
337
144
31
0
53
187
400
689
1046
1466
1938
2455
3004
3576
4158
4739
5307
5850
6358
6820
7227
7570
7843
8040
8157
8191
8143
8012
7802
7517
7163
6746
6276
5762
5213
4642
4060
3479
2910
2365
1856
1391
982
636
359
159
38
0
44
171
377
659
1010
1424
1892
2404
2951
3521
4103
4685
5254
5801
6312
6779
7191
7541
7820
8025
8149
8191
8151
8028
7825
7547
7199
6788
6322
5812
5266
4697
4115
3534
2963
2416
1902
1433
1018
665
382
174
46
0
36
155
354
629
974
1382
1845
2354
2898
3467
4048
4630
5201
5750
6266
6737
7155
7511
7797
8009
8141
8191
8158
8043
7848
7577
7235
6829
6368
5862
5319
4751
4170
3588
3016
2466
1949
1475
1055
696
406
191
55
0
29
141
332
600
939
1341
1800
2305
2846
3413
3993
4576
5148
5700
6219
6695
7118
7480
7773
7992
8132
8190
8165
8057
7870
7605
7270
6870
6414
5911
5371
4805
4225
3643
3069
2516
1996
1518
1092
727
430
208
64
2
23
127
311
572
904
1301
1754
2255
2794
3358
3938
4521
5095
5649
6172
6652
7081
7449
7749
7975
8122
8188
8171
8071
7891
7633
7304
6910
6459
5960
5423
4860
4280
3697
3123
2567
2043
1561
1129
758
455
225
74
4
18
113
290
544
870
1261
1709
2206
2742
3304
3883
4466
5042
5598
6124
6609
7043
7417
7723
7957
8112
8185
8176
8084
7911
7661
7338
6950
6504
6009
5475
4914
4335
3752
3176
2619
2091
1604
1168
790
480
244
85
7
13
101
270
517
836
1221
1665
2158
2690
3250
3828
4411
4988
5547
6076
6565
7004
7384
7698
7938
8101
8182
8180
8096
7931
7687
7372
6989
6548
6057
5527
4967
4390
3807
3230
2670
2139
1648
1206
823
507
263
96
11
9
89
251
490
803
1182
1621
2109
2638
3197
3773
4356
4934
5495
6028
6521
6965
7351
7671
7919
8089
8178
8184
8107
7950
7714
7404
7028
6592
6106
5578
5021
4445
3862
3284
2722
2188
1692
1246
857
533
282
109
16
5
78
232
465
771
1144
1577
2062
2587
3143
3719
4302
4880
5443
5979
6476
6926
7317
7644
7899
8076
8173
8187
8118
7968
7739
7436
7066
6635
6153
5629
5075
4500
3917
3338
2774
2236
1737
1285
891
561
303
122
21
3
68
214
439
739
1106
1534
2014
2536
3090
3664
4247
4826
5391
5930
6431
6886
7283
7616
7878
8063
8167
8189
8128
7985
7764
7468
7104
6678
6201
5680
5128
4555
3972
3392
2826
2286
1782
1326
925
589
324
135
27
1
58
197
415
708
1069
1491
1967
2485
3036
3609
4192
4772
5339
5881
6386
6845
7248
7588
7856
8049
8161
8191
8137
8002
7788
7499
7141
6721
6248
5731
5181
4609
4027
3446
2878
2335
1828
1366
960
618
346
150
34
0
49
180
391
677
1032
1449
1920
2435
2983
3555
4137
4718
5286
5831
6340
6804
7213
7559
7834
8034
8154
8191
8146
8019
7811
7529
7177
6763
6294
5781
5234
4664
4082
3500
2931
2385
1874
1408
996
647
368
165
41
0
41
165
368
647
996
1407
1874
2385
2931
3500
4082
4663
5234
5781
6294
6763
7177
7529
7811
8018
8146
8191
8154
8034
7834
7559
7213
6804
6341
5831
5287
4718
4137
3555
2984
2435
1920
1449
1032
677
391
181
49
0
34
150
346
618
960
1366
1828
2335
2878
3446
4027
4609
5181
5731
6247
6721
7140
7499
7788
8002
8137
8191
8161
8049
7856
7588
7249
6845
6386
5881
5339
4772
4192
3609
3037
2486
1967
1492
1069
708
415
197
58
1
27
135
324
589
925
1325
1782
2285
2826
3391
3972
4554
5128
5680
6200
6678
7103
7468
7764
7985
8128
8189
8167
8063
7878
7616
7283
6886
6432
5930
5392
4827
4247
3664
3090
2536
2014
1534
1106
739
440
214
68
3
21
121
303
561
890
1285
1737
2236
2773
3337
3917
4500
5074
5629
6153
6635
7066
7436
7739
7968
8118
8187
8173
8076
7899
7644
7318
6926
6477
5979
5444
4881
4302
3719
3143
2587
2062
1577
1144
771
465
232
78
5
16
109
282
533
856
1245
1692
2187
2721
3283
3862
4445
5021
5578
6105
6592
7028